0,573
0,572
0,571
0,570
0,569
0,568
164,3
164,2
164,1
164,0
163,3
163,2
163,1
163,0
162,3
162,2
162,1
162,0
161,3
161,2
161,1
161,0
160,3
160,2
160,1
160,0
159,4
159,3
159,2
159,1
159,0
158,4
158,3
158,2
158,1
158,0
157,6
157,5
157,4
157,3
157,2
157,1
157,0
156,6
156,5
156,4
156,3
156,2
156,1
156,0
155,6
155,5
155,4
155,3
155,2
155,1
155,0
154,4
154,3
154,2
154,1
154,0
153,3
153,2
153,1
153,0
152,3
152,2
152,1
152,0
151,4
151,3
151,2
151,1
151,0
150,4
150,3
150,2
150,1
150,0
149,4
149,3
149,2
149,1
149,0
148,4
148,3
148,2
148,1
148,0
147,4
147,3
147,2
147,1
147,0
146,4
146,3
146,2
146,1
146,0
145,4
145,3
145,2
145,1
145,0
144,3
144,2
144,1
144,0
143,4
143,3
143,2
143,1
143,0
142,3
142,2
142,1
142,0
141,3
141,2
141,1
141,0
140,5
140,4
140,3
140,2
140,1
140,0
139,3
139,2
139,1
139,0
138,4
138,3
138,2
138,1
138,0
137,3
137,2
137,1
137,0
0,567
136,3
136,2
136,1
136,0
135,3
135,2
135,1
135,0
134,3
134,2
134,1
134,0
133,3
133,2
133,1
133,0
132,3
132,2
132,1
132,0
131,4
131,3
131,2
131,1
131,0
130,4
130,3
130,2
130,1
130,0
129,6
129,5
129,4
129,3
129,2
129,1
129,0
128,6
128,5
128,4
128,3
128,2
128,1
128,0
127,6
127,5
127,4
127,3
127,2
127,1
127,0
126,4
126,3
126,2
126,1
126,0
125,3
125,2
125,1
125,0
124,3
124,2
124,1
124,0
123,4
123,3
123,2
123,1
123,0
122,4
122,3
122,2
122,1
122,0
121,4
121,3
121,2
121,1
121,0
120,4
120,3
120,2
120,1
120,0
119,4
119,3
119,2
119,1
119,0
118,4
118,3
118,2
118,1
118,0
117,4
117,3
117,2
117,1
117,0
116,3
116,2
116,1
116,0
115,4
115,3
115,2
115,1
115,0
114,3
114,2
114,1
114,0
113,3
113,2
113,1
113,0
112,5
112,4
112,3
112,2
112,1
112,0
111,3
111,2
111,1
111,0
110,4
110,3
110,2
110,1
110,0
109,3
109,2
109,1
109,0
108,3
108,2
108,1
108,0
107,3
107,2
107,1
107,0
106,3
106,2
106,1
106,0
105,3
105,2
105,1
105,0
104,3
104,2
104,1
104,0
103,4
103,3
103,2
103,1
103,0
102,4
102,3
102,2
102,1
102,0
101,6
101,5
101,4
101,3
101,2
101,1
101,0
100,6
100,5
100,4
100,3
100,2
100,1
100,0
99,6
99,5
99,4
99,3
99,2
99,1
99,0
98,4
98,3
98,2
98,1
98,0
97,3
97,2
97,1
97,0
96,3
96,2
96,1
96,0
95,4
95,3
95,2
95,1
95,0
94,4
94,3
94,2
94,1
94,0
93,4
93,3
93,2
93,1
93,0
92,4
92,3
92,2
92,1
92,0
91,4
91,3
91,2
91,1
91,0
90,4
90,3
90,2
90,1
90,0
89,4
89,3
89,2
89,1
89,0
88,3
88,2
88,1
88,0
87,4
87,3
87,2
87,1
87,0
86,3
86,2
86,1
86,0
85,3
85,2
85,1
85,0
84,5
84,4
84,3
84,2
84,1
84,0
83,3
83,2
83,1
83,0
82,4
82,3
82,2
82,1
82,0
81,3
81,2
81,1
81,0
80,3
80,2
80,1
80,0
79,3
79,2
79,1
79,0
78,3
78,2
78,1
78,0
77,3
77,2
77,1
77,0
76,3
76,2
76,1
76,0
75,4
75,3
75,2
75,1
75,0
74,4
74,3
74,2
74,1
74,0
73,6
73,5
73,4
73,3
73,2
73,1
73,0
72,6
72,5
72,4
72,3
72,2
72,1
72,0
71,6
71,5
71,4
71,3
71,2
71,1
71,0
70,4
70,3
70,2
70,1
70,0
69,3
69,2
69,1
69,0
68,3
68,2
68,1
68,0
67,4
67,3
67,2
67,1
67,0
0,566
66,4
66,3
66,2
66,1
66,0
65,4
65,3
65,2
65,1
65,0
64,4
64,3
64,2
64,1
64,0
63,4
63,3
63,2
63,1
63,0
62,4
62,3
62,2
62,1
62,0
0,565
61,4
61,3
61,2
61,1
61,0
60,3
60,2
60,1
60,0
59,4
0,564
0,563
59,3
59,2
59,1
59,0
58,3
58,2
58,1
58,0
57,3
57,2
57,1
57,0
56,5
56,4
56,3
56,2
56,1
56,0
55,3
55,2
55,1
55,0
54,4
54,3
54,2
54,1
54,0
53,3
53,2
53,1
53,0
52,3
52,2
52,1
52,0
0,310
0,305
0,308
0,307
0,302
0,304
0,303
0,12
0,10
0,8
0,0
0,416
0,415
0,300
0,414
0,413
0,299
0,527
0,495
0,298
0,496
0,412
0,297
0,492
0,411
0,296
0,491
0,410
0,295
0,551
0,493
0,294
0,490
0,409
0,293
0,407
0,292
0,406
0,291
0,557
0,405
0,290
0,550
0,526
0,289
0,549
0,525
0,288
0,548
0,404
0,287
0,547
0,403
0,286
0,524
0,402
0,285
0,556
0,400
0,284
0,243
0,489
0,399
0,283
0,488
0,401
0,282
0,487
0,398
0,281
0,397
0,396
0,280
0,395
0,394
0,279
0,393
0,392
0,278
0,391
0,390
0,277
0,389
0,388
0,276
0,546
0,523
0,275
0,486
0,387
0,274
0,485
0,386
0,273
0,484
0,385
0,272
0,483
0,482
0,271
0,555
0,384
0,270
0,522
0,383
0,269
0,521
0,382
0,268
0,481
0,381
0,267
0,520
0,480
0,266
0,554
0,519
0,265
0,479
0,380
0,264
0,478
0,379
0,263
0,477
0,378
0,262
0,476
0,475
0,261
0,518
0,377
0,260
0,517
0,376
0,259
0,474
0,375
0,258
0,545
0,374
0,257
0,516
0,473
0,256
0,515
0,472
0,255
0,562
0,373
0,254
0,471
0,372
0,253
0,470
0,371
0,252
0,514
0,469
0,251
0,322
0,408
0,468
0,370
0,250
0,467
0,369
0,249
0,513
0,368
0,248
0,553
0,367
0,247
0,544
0,512
0,246
0,511
0,466
0,245
0,465
0,366
0,244
0,543
0,365
0,242
0,464
0,364
0,241
0,463
0,363
0,240
0,542
2,1
3,0
3,3
28,0
28,1
42,0
42,3
45,0
45,3
32,0
32,1
33,0
33,1
35,0
35,1
34,3
34,1
36,3
36,1
30,3
30,1
51,3
50,0
50,3
40,0
40,3
37,0
37,1
48,0
48,1
0,494
48,3
37,3
40,1
50,1
51,1
51,0
30,0
36,0
34,0
35,3
33,3
32,3
45,1
42,1
38,1
38,3
38,0
28,3
3,1
2,3
2,0
31,5
1,3
31,1
1,1
31,3
1,0
31,0
0,9
0,462
0,239
0,461
0,362
0,238
0,460
0,361
0,237
0,360
0,236
0,561
0,359
0,235
0,541
0,510
0,234
0,509
0,459
0,233
0,458
0,358
0,232
0,457
0,357
0,231
0,539
0,356
0,230
0,540
0,355
0,229
0,538
0,354
0,228
0,537
0,353
0,227
0,508
0,456
0,226
0,455
0,352
0,225
0,454
0,351
0,224
0,536
0,350
0,223
0,560
0,349
0,222
0,507
0,453
0,221
0,535
0,452
0,220
0,451
0,348
0,219
0,559
0,347
0,218
0,558
0,346
0,217
0,506
0,345
0,216
0,450
0,344
0,215
0,533
0,343
0,214
0,532
0,342
0,213
0,534
0,341
0,212
0,531
0,340
0,211
0,530
0,339
0,210
0,448
0,338
0,209
0,447
0,337
0,208
0,449
0,336
0,207
0,446
0,445
0,206
0,444
0,335
0,205
0,443
0,334
0,204
0,442
0,333
0,203
0,441
0,332
0,202
0,440
0,439
0,201
0,529
0,505
0,200
0,504
0,331
0,199
0,438
0,330
0,198
0,437
0,329
0,197
0,503
0,328
0,196
0,552
0,435
0,195
0,528
0,434
0,194
0,436
0,327
0,193
0,433
0,326
0,192
0,432
0,325
0,63
0,431
0,324
0,62
0,430
0,323
0,61
0,429
0,321
0,60
0,428
0,427
0,59
0,502
0,320
0,58
0,426
0,319
0,57
0,425
0,318
0,56
0,501
0,317
0,55
0,499
0,54
0,498
0,424
0,53
0,500
0,316
0,52
0,497
0,315
0,51
0,422
0,314
0,50
0,421
0,313
0,49
0,423
0,312
0,48
0,420
0,311
0,47
0,419
0,309
0,46
0,418
0,306
0,45
0,417
0,301
0,6
0,5
0,1
0,11
0,4
0,2
0,3
0,7
